 -1.160325734 -1.562676364 -1.605248390 -2.368968673  0.001653097 -0.948380296  1.506953187  0.076001818  0.614166960  0.188724390  0.061067585  1.133332698  0.400266724
  1.605207032 -0.294999551 -0.410642644  0.931416789  1.783344382  1.705969854  2.967013299  1.660796820  2.075404541  0.297937773 -1.711861261 -0.189528590 -2.712440946
 -0.877155579  0.476590239 -1.472698379 -1.885457536 -3.812312796 -3.247648097 -1.467790505  0.831547223  1.566026868  1.015917395 -0.553750282 -1.510692412 -2.176089109
 -1.216211571  0.086417048 -1.255075934  1.924201823  3.075004463  0.428639270  2.215465700 -0.368252697  0.478623914  0.207712487  1.232840510  1.909845377  1.290031612
  1.437849762  1.084996895 -0.322871710  0.051376366  0.496000216  0.802379863  0.865994526  0.246154493  1.508887917  0.773260952  1.726945045  0.444642728 -0.332061251
 -1.432832219 -1.248238920 -1.775611388  1.230304547  0.461959119  2.954074342  1.815719025  2.490163436  1.796545731  1.053921939 -0.006652733 -0.233968131  0.071105144
  0.610889255  2.405036469  1.420440440  0.834392518  0.225735224 -1.816764199 -1.374307066  0.622205402  0.640721843  0.957285641  1.062095124 -0.117536983 -1.369020166
 -3.269384213 -3.024349825 -3.736492878 -5.286735188 -2.030735938 -0.521737698  0.290986791  2.020286147  0.886606681 -0.312447871 -2.059745394 -0.280897739 -0.218980916
  0.927116505  0.960937530  2.470950793  0.150584862  1.759921075  0.068318242 -0.975263097 -1.840346789  0.186478847 -1.980840842 -0.708249318 -0.861427542 -1.819649443
 -3.669397993 -0.799436950  0.418980612  1.969488173  2.679171476  0.808033380  0.786365588  0.819666993  0.261460112  1.602185247  1.442305974  3.197094526  0.063253070
  0.120009584  0.091673868  0.758875385 -0.338447329  0.680918310 -0.699166804 -1.449414186 -0.992627256 -0.179159743  0.172764210 -1.904732629 -0.866828329 -0.145325036
  0.797511124  1.475237510  2.558098543  2.556995770  1.814788684  1.580690089  2.194611291  0.193223793  1.454961367  2.195330034  0.274545592 -1.724932105  0.456135408
 -0.290763079  0.859494689  2.648615987 -0.076558679  2.479936958 -0.308913033  1.828286635  2.415040469  1.288488188 -0.506767838  0.596327300 -1.005982564  0.459214147
 -0.322347676  1.103970968  0.355551466 -2.224951625  0.896236765 -1.232946851 -0.048778184  1.374124430 -0.434615425 -0.319327306 -0.902571641 -0.843548961 -1.249799013
 -1.494850926 -1.009515128  0.808111375  2.469600391  1.975712223  2.956038287  2.382246043  1.785153065  1.166675462  1.861415070  1.690996666  2.866744683  0.439143000
  1.097397550 -0.064207813  0.441486409  0.124608748 -0.528155750 -1.188921041 -0.761154963  0.675316890  0.373575370  0.680080159  1.779898470  2.640622957  2.504022972
  1.641889954  0.883845413  1.284919423  1.284249900  1.608889377  1.883818779 -0.498259716 -1.508516448 -1.800449002 -2.279958518 -0.566061299 -1.827412917  1.135866136
  0.005050884  0.465202438  0.436696023  2.935579170  2.189004749  0.739655738 -1.148758860 -1.184496629 -2.167500884 -2.640913382 -1.827555817 -1.053537905  0.774029716
  1.850001765  1.288797098 -0.364222119 -2.382567723 -2.229719083 -3.322515723  0.787441419  0.305600217  1.642933195  1.237112554 -0.061240520  0.447431788  0.699184211
  0.461667846  0.263132859 -1.230437204 -2.685472368 -2.495514210 -1.132350428 -0.815905986  0.213181767  0.948865218  0.919484740  0.913054258  0.236465852 -0.824532470
 -2.375404789 -0.399293371  0.974140572  1.901436418  4.088303647  1.205353620  0.996141821 -0.320932490  0.001933699  1.376308766  0.591004447  0.249171446  0.875977904
 -0.519029528 -2.942838652 -0.412556454  0.331458248  1.422330924  1.116212026 -0.241949302 -1.488435053 -2.116936780 -2.074978796 -0.594904996 -0.951080193 -0.602636225
 -0.618662144  0.805734457 -0.800141723 -1.585161622 -0.700895819 -0.767347152 -0.046819953 -0.346178353  0.472991027  0.694309280  0.474248726  2.087596902  1.482641462
  0.682336076 -1.137840883 -1.495004078 -0.608359142  0.717814078  2.228358413  0.594644517  2.002956816  0.144599617 -2.327034281 -3.641782079 -1.689564779 -1.221795771
  0.560988087  3.285496192  1.758298775  1.352761940 -0.401678249  0.402237256 -0.710350620 -0.121866566 -0.023763571 -0.747166451  0.419824417 -0.134762863  0.029561183
  0.193947317 -2.035058822 -1.035512505  1.311087716  2.177733740  1.343525384  2.122858620  2.050352290  0.970571165  0.814345389  0.741704632  0.887092377  2.244353916
  0.207482255 -0.623264558 -0.114848894 -0.454345469 -1.881642330 -1.397549789  1.118690906  0.875406912  1.439388367 -0.313253895 -0.466342445 -3.543405045 -2.355463555
 -0.524068099 -0.189780829  0.317491456  1.349940842  0.735839098 -1.479474264 -2.312607023 -1.284210742 -0.800984396 -0.940913949 -0.048058188 -1.482263938 -0.539113054
  0.317668652 -0.028568786 -0.259211871 -0.883023943 -1.881661865 -2.265413368 -2.163310008 -1.638342945  0.882068063  0.877751964  1.542736791  0.698903533  0.745865043
 -1.563201426 -1.945328742 -1.900785447 -2.122217691  1.534259844  1.384601478  2.453607579  0.452414576  1.102848872  0.865413852 -0.379394815  1.122748683  2.612930104
  2.816271758  0.711753320  2.055001540  1.455211184  2.051224275 -2.171619071 -1.402674729 -3.617435062 -1.014134331 -1.147649699 -1.506885836  1.155410730  3.615750145
  1.071357128  1.792790549  1.310220941 -2.062255762 -1.192502726 -1.535185624 -0.072554359  0.696398422  2.215578062  1.460627393  2.738417604  2.678704373  1.158775800
  0.801026515  1.034902960  0.265033462 -1.243696079 -0.594549396 -3.321096356 -2.924347846 -2.653196083 -0.273783992 -0.444050450  1.429209135  2.998481341  0.954242204
  3.815099872  2.614862513  1.214356094  0.189495183 -1.362771611 -0.060096118  1.195701948  1.452974371  1.946576286 -0.525844255 -0.509099573 -0.018957714 -0.064693528
 -0.113274096 -0.076496625 -0.351981937 -0.316010353  0.436790018  0.857381024 -0.344053743 -1.518176699 -1.102839283  1.515061865 -0.343809606  2.079571024  0.280425381
 -1.015466384 -0.649826229 -2.661693775 -0.447971450  1.052339217  1.115529080  1.394049579  3.260870081  1.476605951 -1.282164992 -1.469486757 -1.436950107 -0.592466745
 -0.211603939  0.481460034  0.081641085 -0.815132554  0.419459937  0.009474655  0.617368040  1.060555865  2.387355193  1.543016718  1.019976964  0.879673209  1.851723274
  1.451772048 -0.800910777 -1.594465620 -2.316717750 -0.435340493  0.853901826  2.225433390  1.456784907  2.454134058  0.748854406  0.360522787  0.470431121 -0.064001535
 -0.590825736 -0.745928381 -0.495189085 -0.760429037 -1.754546361 -2.368578634 -1.791608673 -1.670917510  0.617150326 -0.794614063 -0.348811269  0.725145858 -0.457534548
  1.120090640 -1.243106811 -1.016549019  0.259061178 -1.015902451  0.296002698  1.858064348  3.123963934  2.154159990  4.441893143  3.213855965  1.201022175  1.212356727
 -0.437244265  2.534207450  2.628109496  3.143250763  1.883897412  1.053417687  1.795507983 -1.933745942 -1.680098223  0.977388431  0.953844517  4.176425313  1.704322070
 -0.615943293  0.922006303  0.603327219  0.322049730 -1.095262095 -0.308165700  0.247351515  1.013054300  0.880471544 -2.143423221 -0.711200954 -0.728528256 -0.015189071
  0.143562556  0.638779002  2.516267587  1.834608156  2.836647645  0.881508677 -3.048141426 -4.507617283 -3.198051750 -3.835337821 -2.523535864  0.285588213  0.145803059
 -0.316320351 -0.227680649 -1.689321174 -1.234031280 -0.760387703 -1.182049464  0.838633213  1.721823157  1.721582008 -0.903338817 -1.555981790 -1.126918818 -0.753725396
  0.436963925  1.900010078  1.049723061 -0.514274379 -0.747653266  0.537497569  2.809202619  0.284304325  1.579388603  0.728497513 -0.832354995 -0.941342224  0.153353009
  0.708720833 -0.727154640  0.392502881 -0.836520762  0.675205763  0.029242844  1.151512939 -0.434579660 -0.880148763 -0.726736205 -1.166215249  1.131515577 -1.377765313
 -0.348121525  0.323469180 -0.051448685 -0.072073757  0.476816639 -1.905297121 -0.948215865  0.035539025  0.866864192  0.288185783 -1.202587418  0.748776958  0.126454878
 -0.656303123 -0.179683822  0.841573286  0.311258949  0.268275983  0.231055612  0.359183478 -1.300724783 -1.933467231  0.209896942 -1.472920164 -0.071171544 -1.033846344
